0.255940
0.278936
0.278948
0.279100
0.281228
0.292076
0.292140
0.292144
0.292156
0.309576
0.310084
0.310096
0.310104
0.310108
0.293348
0.293360
0.293368
0.279592
0.271672
0.271676
0.261272
0.267968
0.269336
0.263396
0.261656
0.264184
0.265468
0.258888
0.260388
0.253024
0.249824
0.249828
0.256188
0.299752
0.334732
0.337484
0.337516
0.337648
0.339588
0.340252
0.340512
0.340520
0.340532
0.340536
0.340540
0.340540
0.340544
0.340388
0.340552
0.340568
0.340572
0.340572
0.340580
0.308764
0.308756
0.309016
0.289772
0.295448
0.295540
0.296172
0.292000
0.292324
0.294616
0.292304
0.292452
0.285736
0.279832
0.282216
0.278128
0.270256
0.271148
0.264972
0.271168
0.290156
0.305764
0.314524
0.314644
0.314652
0.314652
0.304904
0.296600
0.299812
0.292792
0.288724
0.289292
0.287972
0.288428
0.290012
0.286220
0.289452
0.289736
0.279584
0.265616
0.266868
0.271316
0.269920
0.292764
0.296676
0.292276
