2000
 0.745
 0.919
 0.691
 0.655
 0.654
 0.605
 0.609
 0.596
 0.584
 0.866
 0.611
3000
 0.977
 0.889
 0.836
 0.863
 0.829
 0.913
 0.786
 0.809
 0.898
 0.822
5000
 3.058
 1.345
 1.217
 1.165
 1.439
 1.179
 1.315
 1.145
 1.283
 1.249
 1.277
 1.551
 1.431
6000
 1.415
 1.661
 1.372
 1.394
 1.553
 1.364
 1.439
 1.334
 1.406
 1.368
 1.360
 1.331
7000
 1.704
 1.675
 1.587
 1.729
 1.660
 1.607
 1.670
 1.655
 2.083
 1.619
8000
 1.605
 1.503
 2.026
 1.821
 1.794
 1.837
 1.742
 2.002
 1.783
 1.745
 1.966
 1.840
 1.813
9000
 3.433
 2.154
 2.116
 2.243
 2.168
 2.072
 2.251
 2.061
 2.266
 2.033
 2.543
 2.275
