2000
 0.066
 0.070
 0.066
 0.066
 0.085
 0.064
 0.064
 0.066
 0.063
 0.062
3000
 0.066
 0.063
 0.067
 0.073
 0.075
 0.164
 0.064
 0.143
 0.068
 0.064
5000
 0.065
 0.068
 0.066
 0.530
 0.068
 0.065
 0.066
 0.063
 0.068
 0.068
 0.070
6000
 0.066
 0.063
 0.068
 0.065
 0.318
 0.065
 0.062
 0.099
 0.065
 0.144
 0.065
 0.064
7000
 0.107
 0.247
 0.067
 0.067
 0.130
 0.160
 0.072
 0.069
 0.068
 0.067
8000
 0.068
 0.073
 0.069
 0.067
 0.080
 0.066
 0.069
 0.069
 0.118
 0.290
 0.061
 0.065
 0.067
9000
 0.064
 0.342
 0.398
 0.069
 0.065
 0.125
 0.068
 0.502
 0.062
 0.067
 0.186
 0.064
 0.063
